7.386	7.386
5.689	5.689
5.683	5.683
4.200	4.200
4.692	4.692
3.984	3.984
6.611	6.611
6.543	6.543
6.888	6.888
6.166	6.166
6.112	6.112
7.877	7.877
4.996	4.996
6.399	6.399
6.586	6.586
5.872	5.872
6.378	6.378
6.372	6.372
6.549	6.549
5.446	5.446
5.431	5.431
5.795	5.795
5.634	5.634
7.554	7.554
7.196	7.196
9.209	9.209
4.175	4.175
5.567	5.567
5.519	5.519
5.565	5.565
5.154	5.154
5.936	5.936
6.132	6.132
5.986	5.986
7.680	7.680
5.910	5.910
6.271	6.271
6.661	6.661
7.084	7.084
7.179	7.179
7.075	7.075
5.943	5.943
6.343	6.343
6.856	6.856
5.118	5.118
4.653	4.653
5.110	5.110
5.647	5.647
5.275	5.275
5.973	5.973
9.144	9.144
9.123	9.123
5.524	5.524
5.648	5.648
6.156	6.156
5.346	5.346
6.806	6.806
5.650	5.650
5.723	5.723
5.320	5.320
5.707	5.707
6.099	6.099
5.769	5.769
6.281	6.281
6.273	6.273
5.772	5.772
4.421	4.421
4.805	4.805
4.795	4.795
8.692	8.692
5.401	5.401
5.392	5.392
5.345	5.345
5.195	5.195
7.096	7.096
7.132	7.132
5.360	5.360
5.348	5.348
5.338	5.338
5.889	5.889
5.903	5.903
7.260	7.260
5.684	5.684
6.761	6.761
6.917	6.917
5.632	5.632
4.719	4.719
4.706	4.706
5.262	5.262
6.121	6.121
6.099	6.099
5.548	5.548
5.529	5.529
8.149	8.149
7.031	7.031
7.386	7.386
7.382	7.382
7.538	7.538
6.103	6.103
6.953	6.953
6.953	6.953
4.995	4.995
4.276	4.276
6.232	6.232
5.809	5.809
5.872	5.872
7.194	7.194
7.451	7.451
7.428	7.428
7.428	7.428
5.861	5.861
4.768	4.768
4.798	4.798
7.952	7.952
6.463	6.463
5.954	5.954
5.972	5.972
6.373	6.373
6.651	6.651
6.628	6.628
5.575	5.575
5.573	5.573
6.354	6.354
5.399	5.399
5.345	5.345
5.388	5.388
7.656	7.656
7.661	7.661
3.533	3.533
3.523	3.523
5.924	5.924
4.639	4.639
4.579	4.579
4.075	4.075
4.203	4.203
7.195	7.195
5.921	5.921
5.921	5.921
5.204	5.204
6.837	6.837
8.749	8.749
8.755	8.755
3.643	3.643
5.958	5.958
4.093	4.093
4.079	4.079
5.150	5.150
5.676	5.676
4.282	4.282
5.563	5.563
7.610	7.610
4.405	4.405
4.410	4.410
3.912	3.912
6.330	6.330
5.018	5.018
5.018	5.018
6.495	6.495
5.364	5.364
6.153	6.153
8.135	8.135
8.150	8.150
5.655	5.655
5.265	5.265
5.141	5.141
7.322	7.322
4.942	4.942
6.547	6.547
5.165	5.165
5.184	5.184
6.346	6.346
5.033	5.033
6.070	6.070
4.908	4.908
4.915	4.915
6.559	6.559
6.381	6.381
4.540	4.540
4.516	4.516
5.778	5.778
6.011	6.011
4.226	4.226
6.072	6.072
5.391	5.391
5.090	5.090
7.325	7.325
7.288	7.288
7.305	7.305
5.607	5.607
7.679	7.679
9.008	9.008
9.006	9.006
5.869	5.869
5.731	5.731
5.790	5.790
8.008	8.008
8.004	8.004
3.678	3.678
5.320	5.320
5.329	5.329
5.807	5.807
5.820	5.820
5.264	5.264
5.453	5.453
5.311	5.311
7.987	7.987
7.984	7.984
4.147	4.147
5.371	5.371
5.358	5.358
8.972	8.972
8.888	8.888
9.051	9.051
8.866	8.866
4.197	4.197
4.100	4.100
3.960	3.960
4.414	4.414
4.267	4.267
4.826	4.826
5.174	5.174
6.060	6.060
6.939	6.939
6.600	6.600
6.599	6.599
6.601	6.601
5.555	5.555
3.594	3.594
4.266	4.266
4.408	4.408
4.255	4.255
6.301	6.301
3.737	3.737
3.267	3.267
3.443	3.443
7.469	7.469
7.449	7.449
7.612	7.612
6.331	6.331
5.233	5.233
4.198	4.198
5.566	5.566
5.546	5.546
4.871	4.871
5.946	5.946
5.976	5.976
6.312	6.312
4.912	4.912
6.274	6.274
6.814	6.814
3.577	3.577
4.872	4.872
3.081	3.081
6.321	6.321
6.557	6.557
6.576	6.576
6.158	6.158
6.104	6.104
3.688	3.688
3.685	3.685
6.222	6.222
5.773	5.773
6.447	6.447
7.011	7.011
6.436	6.436
6.518	6.518
5.819	5.819
4.664	4.664
6.243	6.243
5.447	5.447
6.198	6.198
4.146	4.146
5.222	5.222
7.735	7.735
5.530	5.530
6.773	6.773
4.623	4.623
5.769	5.769
5.526	5.526
5.529	5.529
4.977	4.977
5.669	5.669
5.725	5.725
6.587	6.587
6.574	6.574
5.728	5.728
6.109	6.109
7.175	7.175
6.370	6.370
5.864	5.864
5.813	5.813
4.764	4.764
4.795	4.795
5.444	5.444
5.448	5.448
5.472	5.472
5.815	5.815
7.119	7.119
5.409	5.409
6.717	6.717
6.587	6.587
5.758	5.758
6.632	6.632
8.738	8.738
5.721	5.721
6.677	6.677
6.926	6.926
7.721	7.721
7.351	7.351
6.392	6.392
5.002	5.002
9.038	9.038
9.017	9.017
4.970	4.970
6.135	6.135
6.103	6.103
6.486	6.486
6.470	6.470
6.098	6.098
6.111	6.111
5.065	5.065
5.845	5.845
6.287	6.287
5.026	5.026
4.879	4.879
6.049	6.049
5.468	5.468
5.472	5.472
5.448	5.448
5.920	5.920
3.754	3.754
6.709	6.709
6.694	6.694
4.436	4.436
8.210	8.210
5.664	5.664
6.495	6.495
5.263	5.263
7.089	7.089
7.071	7.071
7.874	7.874
7.877	7.877
3.607	3.607
6.068	6.068
6.538	6.538
6.838	6.838
5.682	5.682
5.097	5.097
3.520	3.520
7.097	7.097
7.088	7.088
6.832	6.832
5.709	5.709
5.705	5.705
5.758	5.758
5.992	5.992
6.647	6.647
6.218	6.218
6.218	6.218
5.896	5.896
6.020	6.020
6.020	6.020
5.786	5.786
5.722	5.722
6.136	6.136
6.551	6.551
5.833	5.833
3.778	3.778
6.271	6.271
5.238	5.238
5.257	5.257
5.229	5.229
5.675	5.675
5.830	5.830
6.616	6.616
4.570	4.570
4.650	4.650
4.450	4.450
4.432	4.432
4.444	4.444
4.429	4.429
6.559	6.559
6.420	6.420
7.332	7.332
5.476	5.476
5.663	5.663
5.653	5.653
3.510	3.510
3.488	3.488
8.227	8.227
5.088	5.088
4.895	4.895
6.686	6.686
7.380	7.380
8.316	8.316
5.625	5.625
6.576	6.576
8.985	8.985
6.199	6.199
4.462	4.462
4.457	4.457
7.199	7.199
6.533	6.533
6.809	6.809
6.651	6.651
6.912	6.912
5.401	5.401
5.923	5.923
7.198	7.198
6.819	6.819
7.250	7.250
6.137	6.137
4.989	4.989
4.968	4.968
5.903	5.903
5.763	5.763
5.761	5.761
7.772	7.772
5.494	5.494
5.445	5.445
5.765	5.765
5.767	5.767
6.477	6.477
6.560	6.560
6.677	6.677
6.370	6.370
5.643	5.643
6.065	6.065
6.529	6.529
6.058	6.058
4.759	4.759
4.998	4.998
4.382	4.382
6.860	6.860
5.079	5.079
8.629	8.629
5.705	5.705
5.005	5.005
4.754	4.754
7.331	7.331
6.460	6.460
6.113	6.113
6.460	6.460
5.733	5.733
5.737	5.737
7.381	7.381
7.367	7.367
3.613	3.613
5.129	5.129
6.069	6.069
6.634	6.634
7.548	7.548
6.610	6.610
6.615	6.615
4.341	4.341
5.334	5.334
5.822	5.822
5.119	5.119
6.993	6.993
6.991	6.991
7.768	7.768
5.048	5.048
6.519	6.519
6.511	6.511
7.566	7.566
7.557	7.557
5.642	5.642
5.936	5.936
6.392	6.392
6.201	6.201
6.206	6.206
7.051	7.051
5.347	5.347
7.196	7.196
7.616	7.616
7.616	7.616
6.666	6.666
4.997	4.997
5.605	5.605
6.146	6.146
5.986	5.986
6.662	6.662
6.621	6.621
5.875	5.875
5.405	5.405
5.889	5.889
6.478	6.478
6.478	6.478
6.223	6.223
6.223	6.223
5.635	5.635
5.635	5.635
5.926	5.926
5.957	5.957
5.989	5.989
6.642	6.642
6.641	6.641
8.719	8.719
6.630	6.630
5.612	5.612
5.473	5.473
6.750	6.750
6.632	6.632
6.288	6.288
7.104	7.104
7.105	7.105
6.545	6.545
6.589	6.589
5.402	5.402
5.371	5.371
5.380	5.380
5.402	5.402
5.455	5.455
5.298	5.298
5.319	5.319
6.832	6.832
5.594	5.594
6.878	6.878
6.379	6.379
5.694	5.694
5.702	5.702
7.792	7.792
6.598	6.598
6.352	6.352
6.600	6.600
5.679	5.679
6.742	6.742
5.767	5.767
6.495	6.495
5.786	5.786
6.138	6.138
6.087	6.087
6.937	6.937
6.782	6.782
6.770	6.770
6.780	6.780
7.012	7.012
7.044	7.044
6.764	6.764
6.755	6.755
6.726	6.726
6.251	6.251
7.254	7.254
5.939	5.939
6.338	6.338
5.550	5.550
4.830	4.830
5.889	5.889
4.831	4.831
5.438	5.438
4.930	4.930
4.956	4.956
4.937	4.937
6.096	6.096
6.110	6.110
5.040	5.040
4.691	4.691
7.361	7.361
6.551	6.551
5.759	5.759
5.501	5.501
4.751	4.751
6.648	6.648
5.374	5.374
5.352	5.352
5.855	5.855
5.991	5.991
6.243	6.243
6.277	6.277
8.258	8.258
5.513	5.513
4.557	4.557
4.535	4.535
4.284	4.284
5.814	5.814
3.245	3.245
3.250	3.250
5.652	5.652
4.948	4.948
5.314	5.314
5.316	5.316
4.371	4.371
4.356	4.356
6.113	6.113
6.277	6.277
5.610	5.610
5.529	5.529
5.569	5.569
5.581	5.581
5.612	5.612
5.599	5.599
4.443	4.443
4.426	4.426
6.182	6.182
6.243	6.243
5.453	5.453
6.261	6.261
5.528	5.528
6.763	6.763
8.181	8.181
4.481	4.481
5.734	5.734
6.399	6.399
6.200	6.200
6.202	6.202
5.343	5.343
5.652	5.652
5.713	5.713
5.704	5.704
5.310	5.310
5.892	5.892
5.819	5.819
6.306	6.306
6.306	6.306
4.100	4.100
5.139	5.139
9.234	9.234
3.397	3.397
4.480	4.480
3.026	3.026
4.932	4.932
5.525	5.525
5.511	5.511
4.083	4.083
4.098	4.098
4.090	4.090
3.948	3.948
8.680	8.680
6.836	6.836
6.207	6.207
6.848	6.848
4.408	4.408
4.329	4.329
4.383	4.383
5.944	5.944
4.752	4.752
7.194	7.194
7.344	7.344
6.026	6.026
6.080	6.080
5.361	5.361
4.770	4.770
5.052	5.052
5.068	5.068
6.043	6.043
5.493	5.493
5.520	5.520
9.144	9.144
9.123	9.123
8.999	8.999
8.978	8.978
7.101	7.101
7.136	7.136
6.591	6.591
6.582	6.582
6.080	6.080
6.045	6.045
6.037	6.037
6.926	6.926
5.052	5.052
7.786	7.786
4.628	4.628
5.273	5.273
5.565	5.565
8.409	8.409
5.739	5.739
5.648	5.648
5.732	5.732
5.680	5.680
5.654	5.654
6.031	6.031
7.270	7.270
7.305	7.305
7.312	7.312
7.312	7.312
7.278	7.278
7.314	7.314
7.320	7.320
7.319	7.319
7.487	7.487
5.534	5.534
7.188	7.188
7.405	7.405
8.873	8.873
11.285	11.285
11.170	11.170
11.162	11.162
11.176	11.176
11.858	11.858
11.762	11.762
11.754	11.754
11.769	11.769
11.541	11.541
11.402	11.402
11.378	11.378
11.364	11.364
6.005	6.005
9.873	9.873
9.844	9.844
7.451	7.451
7.430	7.430
9.077	9.077
8.624	8.624
8.472	8.472
8.557	8.557
6.378	6.378
6.707	6.707
11.169	11.169
11.182	11.182
7.679	7.679
7.895	7.895
8.601	8.601
8.465	8.465
8.568	8.568
8.258	8.258
6.037	6.037
7.509	7.509
7.487	7.487
9.370	9.370
8.418	8.418
8.378	8.378
8.440	8.440
9.678	9.678
9.520	9.520
9.670	9.670
9.763	9.763
6.567	6.567
6.575	6.575
8.086	8.086
8.135	8.135
7.889	7.889
8.957	8.957
8.770	8.770
6.663	6.663
9.574	9.574
9.640	9.640
9.257	9.257
8.890	8.890
8.560	8.560
7.711	7.711
7.711	7.711
6.512	6.512
8.826	8.826
6.148	6.148
7.590	7.590
7.432	7.432
7.410	7.410
4.011	4.011
6.917	6.917
6.934	6.934
6.938	6.938
6.540	6.540
7.534	7.534
9.964	9.964
7.946	7.946
6.843	6.843
6.845	6.845
9.188	9.188
9.076	9.076
8.366	8.366
8.526	8.526
8.484	8.484
7.601	7.601
8.721	8.721
7.742	7.742
8.273	8.273
8.288	8.288
8.758	8.758
2.966	2.966
2.938	2.938
6.423	6.423
6.803	6.803
6.800	6.800
6.798	6.798
7.857	7.857
7.871	7.871
7.401	7.401
7.636	7.636
7.605	7.605
7.154	7.154
10.801	10.801
10.771	10.771
7.377	7.377
6.526	6.526
8.692	8.692
8.755	8.755
8.845	8.845
7.107	7.107
6.213	6.213
5.401	5.401
8.006	8.006
7.841	7.841
8.006	8.006
7.224	7.224
7.339	7.339
6.301	6.301
8.614	8.614
9.072	9.072
8.558	8.558
7.106	7.106
7.113	7.113
6.902	6.902
7.905	7.905
8.283	8.283
7.982	7.982
7.987	7.987
7.156	7.156
6.393	6.393
6.394	6.394
5.888	5.888
6.694	6.694
6.702	6.702
8.978	8.978
9.019	9.019
6.435	6.435
6.444	6.444
7.273	7.273
7.934	7.934
7.944	7.944
7.179	7.179
7.174	7.174
8.918	8.918
8.945	8.945
7.600	7.600
7.601	7.601
9.123	9.123
9.237	9.237
9.095	9.095
9.234	9.234
7.228	7.228
8.186	8.186
6.922	6.922
8.100	8.100
8.091	8.091
6.483	6.483
6.821	6.821
6.842	6.842
6.839	6.839
7.318	7.318
11.485	11.485
11.505	11.505
11.081	11.081
11.200	11.200
11.275	11.275
11.374	11.374
2.964	2.964
3.057	3.057
3.361	3.361
3.353	3.353
3.440	3.440
3.280	3.280
3.692	3.692
3.377	3.377
3.345	3.345
4.972	4.972
4.944	4.944
4.957	4.957
4.687	4.687
3.643	3.643
2.590	2.590
2.590	2.590
4.775	4.775
3.361	3.361
3.368	3.368
3.122	3.122
5.818	5.818
3.782	3.782
2.810	2.810
3.571	3.571
4.173	4.173
6.908	6.908
7.872	7.872
4.995	4.995
4.641	4.641
4.641	4.641
7.959	7.959
9.222	9.222
8.029	8.029
3.016	3.016
2.996	2.996
4.996	4.996
5.499	5.499
5.346	5.346
5.782	5.782
6.658	6.658
6.836	6.836
6.666	6.666
4.200	4.200
3.843	3.843
6.466	6.466
6.165	6.165
6.287	6.287
5.674	5.674
3.325	3.325
3.318	3.318
6.547	6.547
6.552	6.552
4.894	4.894
5.142	5.142
5.179	5.179
9.370	9.370
5.582	5.582
5.567	5.567
6.695	6.695
6.705	6.705
7.402	7.402
7.681	7.681
7.228	7.228
6.092	6.092
7.483	7.483
7.605	7.605
4.725	4.725
4.708	4.708
4.719	4.719
4.705	4.705
4.725	4.725
4.708	4.708
4.843	4.843
4.698	4.698
6.567	6.567
6.703	6.703
5.774	5.774
5.983	5.983
5.876	5.876
6.157	6.157
5.888	5.888
6.627	6.627
6.624	6.624
7.214	7.214
5.176	5.176
6.808	6.808
6.837	6.837
6.824	6.824
3.607	3.607
9.118	9.118
8.997	8.997
8.264	8.264
8.254	8.254
7.949	7.949
7.881	7.881
6.078	6.078
6.078	6.078
6.256	6.256
4.179	4.179
2.771	2.771
4.979	4.979
5.852	5.852
6.436	6.436
6.447	6.447
8.357	8.357
6.173	6.173
6.174	6.174
6.174	6.174
9.660	9.660
9.750	9.750
4.037	4.037
2.180	2.180
3.649	3.649
3.420	3.420
3.731	3.731
3.686	3.686
4.341	4.341
4.334	4.334
3.152	3.152
3.164	3.164
3.410	3.410
4.198	4.198
6.950	6.950
6.964	6.964
6.971	6.971
8.175	8.175
4.865	4.865
9.239	9.239
3.157	3.157
6.387	6.387
5.213	5.213
6.391	6.391
5.867	5.867
5.899	5.899
7.025	7.025
6.619	6.619
6.616	6.616
6.384	6.384
6.538	6.538
4.507	4.507
6.744	6.744
6.624	6.624
5.347	5.347
5.337	5.337
5.347	5.347
9.070	9.070
9.086	9.086
9.557	9.557
9.575	9.575
7.065	7.065
7.134	7.134
6.768	6.768
7.067	7.067
6.449	6.449
5.839	5.839
5.868	5.868
5.463	5.463
5.326	5.326
5.481	5.481
5.325	5.325
5.462	5.462
5.333	5.333
4.393	4.393
4.390	4.390
6.099	6.099
6.093	6.093
6.077	6.077
6.126	6.126
6.115	6.115
6.122	6.122
6.062	6.062
5.507	5.507
6.051	6.051
5.512	5.512
6.054	6.054
5.507	5.507
5.661	5.661
5.951	5.951
5.902	5.902
3.604	3.604
3.171	3.171
5.565	5.565
5.416	5.416
5.881	5.881
5.914	5.914
5.872	5.872
5.710	5.710
5.710	5.710
7.383	7.383
7.038	7.038
6.650	6.650
7.391	7.391
5.872	5.872
6.633	6.633
7.605	7.605
7.615	7.615
7.269	7.269
7.295	7.295
5.015	5.015
6.326	6.326
5.989	5.989
4.355	4.355
9.703	9.703
9.576	9.576
3.911	3.911
7.824	7.824
6.151	6.151
5.220	5.220
3.186	3.186
6.913	6.913
5.613	5.613
4.984	4.984
4.980	4.980
11.826	11.826
11.836	11.836
11.812	11.812
11.798	11.798
5.099	5.099
3.744	3.744
3.792	3.792
2.381	2.381
6.115	6.115
4.255	4.255
5.458	5.458
5.450	5.450
5.470	5.470
4.847	4.847
4.200	4.200
7.611	7.611
9.103	9.103
8.235	8.235
8.238	8.238
9.492	9.492
9.046	9.046
5.425	5.425
8.833	8.833
4.541	4.541
6.695	6.695
4.465	4.465
6.390	6.390
6.248	6.248
3.443	3.443
3.416	3.416
3.416	3.416
6.297	6.297
10.085	10.085
10.079	10.079
9.798	9.798
9.693	9.693
9.849	9.849
9.788	9.788
5.913	5.913
10.440	10.440
9.584	9.584
9.549	9.549
9.543	9.543
9.507	9.507
8.012	8.012
8.066	8.066
8.055	8.055
8.050	8.050
5.101	5.101
5.101	5.101
5.095	5.095
8.620	8.620
6.702	6.702
6.259	6.259
6.254	6.254
6.215	6.215
6.201	6.201
6.201	6.201
6.272	6.272
8.916	8.916
6.789	6.789
8.953	8.953
8.982	8.982
7.226	7.226
7.226	7.226
8.074	8.074
6.203	6.203
5.509	5.509
5.997	5.997
5.971	5.971
6.280	6.280
7.824	7.824
7.654	7.654
7.837	7.837
7.667	7.667
7.064	7.064
6.997	6.997
7.079	7.079
7.012	7.012
6.134	6.134
7.038	7.038
8.206	8.206
8.212	8.212
6.425	6.425
6.743	6.743
6.949	6.949
6.968	6.968
6.712	6.712
6.919	6.919
6.820	6.820
5.641	5.641
8.468	8.468
8.525	8.525
8.515	8.515
8.513	8.513
5.352	5.352
5.659	5.659
3.162	3.162
7.433	7.433
7.314	7.314
7.228	7.228
8.897	8.897
8.905	8.905
9.185	9.185
9.065	9.065
8.652	8.652
8.793	8.793
8.652	8.652
8.793	8.793
6.580	6.580
9.414	9.414
9.305	9.305
9.372	9.372
9.341	9.341
7.013	7.013
6.948	6.948
6.406	6.406
6.326	6.326
10.257	10.257
10.250	10.250
6.893	6.893
8.224	8.224
8.050	8.050
6.783	6.783
6.139	6.139
5.980	5.980
4.107	4.107
4.124	4.124
10.613	10.613
7.724	7.724
9.578	9.578
5.041	5.041
5.044	5.044
5.815	5.815
3.798	3.798
3.798	3.798
3.416	3.416
9.206	9.206
9.190	9.190
6.481	6.481
6.941	6.941
6.583	6.583
6.481	6.481
6.941	6.941
6.583	6.583
6.981	6.981
6.575	6.575
6.478	6.478
7.263	7.263
7.242	7.242
7.249	7.249
7.195	7.195
7.796	7.796
5.569	5.569
5.571	5.571
6.735	6.735
6.733	6.733
9.794	9.794
8.751	8.751
9.043	9.043
6.450	6.450
6.393	6.393
6.719	6.719
6.931	6.931
6.391	6.391
6.492	6.492
6.509	6.509
6.510	6.510
6.727	6.727
6.724	6.724
6.674	6.674
6.671	6.671
7.137	7.137
7.377	7.377
7.370	7.370
10.632	10.632
7.050	7.050
6.117	6.117
6.027	6.027
9.164	9.164
9.920	9.920
9.877	9.877
7.316	7.316
7.406	7.406
5.850	5.850
5.594	5.594
7.026	7.026
7.090	7.090
5.799	5.799
4.718	4.718
4.620	4.620
7.497	7.497
7.495	7.495
7.506	7.506
7.508	7.508
7.507	7.507
7.432	7.432
7.647	7.647
7.792	7.792
7.718	7.718
8.079	8.079
8.387	8.387
8.335	8.335
5.287	5.287
5.376	5.376
5.393	5.393
5.396	5.396
5.611	5.611
5.636	5.636
5.636	5.636
6.096	6.096
5.938	5.938
5.928	5.928
11.104	11.104
8.913	8.913
5.286	5.286
5.302	5.302
5.330	5.330
5.330	5.330
2.736	2.736
5.597	5.597
5.875	5.875
4.626	4.626
5.019	5.019
4.881	4.881
3.944	3.944
3.934	3.934
5.875	5.875
4.101	4.101
3.139	3.139
8.796	8.796
5.019	5.019
4.072	4.072
5.654	5.654
6.025	6.025
9.071	9.071
9.014	9.014
9.038	9.038
9.031	9.031
9.071	9.071
9.014	9.014
7.666	7.666
8.733	8.733
7.488	7.488
8.378	8.378
6.561	6.561
7.796	7.796
9.140	9.140
6.520	6.520
9.169	9.169
6.690	6.690
9.136	9.136
9.605	9.605
11.052	11.052
11.270	11.270
11.414	11.414
12.820	12.820
12.819	12.819
10.206	10.206
9.459	9.459
9.467	9.467
8.843	8.843
9.337	9.337
9.358	9.358
9.848	9.848
11.346	11.346
11.874	11.874
10.260	10.260
7.148	7.148
6.655	6.655
6.675	6.675
7.753	7.753
7.484	7.484
7.582	7.582
10.465	10.465
5.103	5.103
5.083	5.083
5.083	5.083
5.083	5.083
9.443	9.443
8.696	8.696
7.660	7.660
7.577	7.577
6.575	6.575
6.559	6.559
9.285	9.285
8.381	8.381
10.193	10.193
10.200	10.200
8.663	8.663
3.898	3.898
10.505	10.505
10.747	10.747
11.696	11.696
8.703	8.703
5.591	5.591
8.878	8.878
6.618	6.618
7.146	7.146
8.922	8.922
8.914	8.914
8.793	8.793
8.760	8.760
5.911	5.911
7.962	7.962
5.748	5.748
5.738	5.738
9.188	9.188
7.230	7.230
4.599	4.599
5.819	5.819
5.572	5.572
5.534	5.534
5.524	5.524
3.969	3.969
8.332	8.332
7.802	7.802
7.803	7.803
7.794	7.794
7.794	7.794
7.987	7.987
8.002	8.002
13.027	13.027
9.804	9.804
9.119	9.119
4.455	4.455
4.461	4.461
3.842	3.842
5.788	5.788
6.700	6.700
6.632	6.632
5.136	5.136
5.898	5.898
5.648	5.648
5.675	5.675
5.009	5.009
6.437	6.437
6.437	6.437
4.652	4.652
8.013	8.013
5.125	5.125
7.487	7.487
7.187	7.187
7.345	7.345
5.956	5.956
6.367	6.367
10.258	10.258
6.526	6.526
6.652	6.652
6.699	6.699
6.353	6.353
4.353	4.353
4.333	4.333
4.353	4.353
4.333	4.333
4.222	4.222
9.524	9.524
9.531	9.531
9.003	9.003
8.692	8.692
6.717	6.717
6.702	6.702
8.013	8.013
7.125	7.125
7.595	7.595
6.275	6.275
6.213	6.213
6.330	6.330
9.357	9.357
9.842	9.842
7.360	7.360
7.359	7.359
5.133	5.133
5.531	5.531
5.051	5.051
5.660	5.660
5.674	5.674
2.687	2.687
4.733	4.733
6.434	6.434
5.043	5.043
5.386	5.386
6.390	6.390
6.442	6.442
7.232	7.232
5.445	5.445
5.208	5.208
5.445	5.445
5.206	5.206
9.631	9.631
11.298	11.298
11.172	11.172
8.031	8.031
5.906	5.906
4.968	4.968
4.953	4.953
7.109	7.109
5.971	5.971
3.801	3.801
8.016	8.016
10.463	10.463
10.608	10.608
9.200	9.200
5.174	5.174
5.189	5.189
7.798	7.798
7.706	7.706
8.636	8.636
9.512	9.512
9.875	9.875
5.374	5.374
5.705	5.705
5.957	5.957
5.976	5.976
8.778	8.778
8.816	8.816
5.097	5.097
5.820	5.820
5.724	5.724
7.760	7.760
5.889	5.889
7.798	7.798
6.406	6.406
8.366	8.366
6.568	6.568
7.846	7.846
7.810	7.810
9.305	9.305
5.993	5.993
8.524	8.524
8.520	8.520
8.507	8.507
5.871	5.871
5.858	5.858
6.191	6.191
5.804	5.804
5.804	5.804
6.381	6.381
6.233	6.233
8.855	8.855
5.662	5.662
5.748	5.748
5.737	5.737
6.525	6.525
5.401	5.401
6.572	6.572
8.085	8.085
8.091	8.091
4.813	4.813
4.813	4.813
8.031	8.031
7.505	7.505
7.106	7.106
7.114	7.114
8.995	8.995
8.209	8.209
6.247	6.247
8.621	8.621
8.647	8.647
8.752	8.752
7.986	7.986
8.005	8.005
7.945	7.945
7.845	7.845
7.552	7.552
8.247	8.247
6.147	6.147
7.333	7.333
7.333	7.333
6.833	6.833
7.361	7.361
7.582	7.582
7.599	7.599
7.152	7.152
7.385	7.385
7.716	7.716
6.539	6.539
5.702	5.702
5.705	5.705
7.554	7.554
7.561	7.561
4.908	4.908
7.683	7.683
6.575	6.575
6.410	6.410
9.953	9.953
9.980	9.980
9.995	9.995
9.941	9.941
5.625	5.625
8.803	8.803
8.171	8.171
5.935	5.935
5.931	5.931
5.941	5.941
5.939	5.939
7.840	7.840
6.807	6.807
7.592	7.592
7.013	7.013
7.812	7.812
7.802	7.802
7.803	7.803
7.794	7.794
5.222	5.222
6.440	6.440
5.805	5.805
5.016	5.016
5.006	5.006
6.839	6.839
5.577	5.577
5.965	5.965
6.720	6.720
5.710	5.710
5.113	5.113
5.106	5.106
8.863	8.863
5.398	5.398
5.398	5.398
5.398	5.398
5.178	5.178
8.701	8.701
8.710	8.710
5.390	5.390
5.383	5.383
4.470	4.470
5.127	5.127
5.102	5.102
5.116	5.116
4.958	4.958
7.724	7.724
7.472	7.472
7.117	7.117
7.437	7.437
7.522	7.522
7.542	7.542
5.607	5.607
6.047	6.047
6.672	6.672
7.414	7.414
7.417	7.417
5.359	5.359
5.354	5.354
4.685	4.685
4.292	4.292
3.042	3.042
4.313	4.313
4.147	4.147
6.081	6.081
6.026	6.026
6.782	6.782
9.063	9.063
4.220	4.220
4.010	4.010
4.602	4.602
2.822	2.822
5.461	5.461
6.543	6.543
6.553	6.553
5.967	5.967
7.862	7.862
5.266	5.266
6.765	6.765
6.809	6.809
4.451	4.451
4.070	4.070
4.836	4.836
4.823	4.823
11.527	11.527
10.166	10.166
9.101	9.101
5.657	5.657
5.659	5.659
7.261	7.261
7.329	7.329
3.061	3.061
7.674	7.674
7.666	7.666
9.081	9.081
5.966	5.966
7.301	7.301
6.807	6.807
7.185	7.185
5.679	5.679
7.678	7.678
6.012	6.012
8.275	8.275
8.281	8.281
8.272	8.272
7.021	7.021
9.752	9.752
9.809	9.809
9.504	9.504
4.782	4.782
6.731	6.731
8.271	8.271
7.470	7.470
11.659	11.659
11.823	11.823
4.636	4.636
4.676	4.676
7.866	7.866
6.042	6.042
7.617	7.617
7.616	7.616
10.860	10.860
8.705	8.705
9.435	9.435
14.335	14.335
11.107	11.107
7.505	7.505
7.493	7.493
6.849	6.849
6.674	6.674
5.565	5.565
6.589	6.589
7.962	7.962
8.716	8.716
7.510	7.510
6.980	6.980
6.334	6.334
5.752	5.752
6.313	6.313
9.896	9.896
5.649	5.649
5.611	5.611
5.631	5.631
7.621	7.621
6.466	6.466
6.395	6.395
7.265	7.265
8.762	8.762
8.801	8.801
8.994	8.994
12.443	12.443
4.591	4.591
7.979	7.979
8.115	8.115
14.341	14.341
9.346	9.346
9.285	9.285
7.869	7.869
11.789	11.789
7.068	7.068
8.562	8.562
5.610	5.610
5.630	5.630
5.620	5.620
8.921	8.921
8.323	8.323
7.400	7.400
5.662	5.662
10.012	10.012
4.797	4.797
10.682	10.682
10.829	10.829
6.185	6.185
7.505	7.505
11.051	11.051
6.106	6.106
6.106	6.106
10.697	10.697
10.692	10.692
5.805	5.805
5.842	5.842
7.577	7.577
5.262	5.262
5.607	5.607
6.265	6.265
8.231	8.231
9.094	9.094
9.306	9.306
3.897	3.897
8.560	8.560
9.444	9.444
7.012	7.012
5.893	5.893
7.986	7.986
7.998	7.998
4.649	4.649
4.667	4.667
4.656	4.656
8.328	8.328
8.112	8.112
6.511	6.511
8.355	8.355
6.908	6.908
6.903	6.903
3.956	3.956
10.673	10.673
10.740	10.740
5.900	5.900
11.389	11.389
6.566	6.566
11.012	11.012
11.104	11.104
11.456	11.456
7.422	7.422
6.463	6.463
6.473	6.473
5.721	5.721
3.555	3.555
6.808	6.808
7.601	7.601
7.573	7.573
7.583	7.583
8.021	8.021
4.859	4.859
4.983	4.983
4.788	4.788
4.749	4.749
6.255	6.255
6.901	6.901
7.289	7.289
6.621	6.621
5.622	5.622
5.436	5.436
5.379	5.379
5.389	5.389
9.742	9.742
9.916	9.916
5.878	5.878
5.817	5.817
7.982	7.982
9.279	9.279
11.334	11.334
6.672	6.672
9.752	9.752
11.880	11.880
10.845	10.845
6.024	6.024
5.752	5.752
7.014	7.014
6.600	6.600
7.724	7.724
9.829	9.829
9.846	9.846
7.322	7.322
7.954	7.954
7.974	7.974
7.829	7.829
8.368	8.368
8.834	8.834
5.807	5.807
5.305	5.305
9.278	9.278
8.787	8.787
8.437	8.437
8.349	8.349
9.882	9.882
7.385	7.385
7.101	7.101
7.379	7.379
6.666	6.666
10.833	10.833
7.317	7.317
6.503	6.503
8.502	8.502
8.441	8.441
7.164	7.164
7.157	7.157
6.480	6.480
6.472	6.472
8.353	8.353
6.979	6.979
6.748	6.748
6.767	6.767
17.754	17.754
7.368	7.368
3.982	3.982
7.756	7.756
7.863	7.863
4.585	4.585
4.585	4.585
6.981	6.981
7.407	7.407
7.404	7.404
8.589	8.589
9.716	9.716
8.993	8.993
8.104	8.104
8.949	8.949
11.809	11.809
11.775	11.775
10.457	10.457
10.471	10.471
9.520	9.520
10.759	10.759
10.685	10.685
7.046	7.046
7.391	7.391
6.811	6.811
7.488	7.488
6.744	6.744
6.735	6.735
8.680	8.680
9.388	9.388
7.042	7.042
7.051	7.051
4.914	4.914
6.523	6.523
6.315	6.315
6.935	6.935
5.919	5.919
5.931	5.931
16.573	16.573
9.814	9.814
9.797	9.797
8.372	8.372
8.347	8.347
2.851	2.851
3.640	3.640
2.851	2.851
8.028	8.028
8.499	8.499
8.777	8.777
7.341	7.341
5.206	5.206
5.206	5.206
5.206	5.206
5.206	5.206
5.206	5.206
5.206	5.206
3.792	3.792
4.966	4.966
4.966	4.966
7.677	7.677
7.697	7.697
5.772	5.772
5.402	5.402
5.324	5.324
5.320	5.320
6.933	6.933
6.458	6.458
6.454	6.454
9.196	9.196
9.181	9.181
9.175	9.175
9.160	9.160
5.772	5.772
6.607	6.607
6.822	6.822
8.731	8.731
3.930	3.930
7.847	7.847
7.842	7.842
7.859	7.859
7.855	7.855
7.901	7.901
7.893	7.893
6.456	6.456
6.946	6.946
6.475	6.475
7.575	7.575
7.643	7.643
10.167	10.167
9.965	9.965
3.935	3.935
6.714	6.714
6.988	6.988
7.009	7.009
6.743	6.743
6.934	6.934
6.749	6.749
4.119	4.119
4.117	4.117
6.204	6.204
4.117	4.117
5.710	5.710
9.322	9.322
7.208	7.208
11.435	11.435
5.699	5.699
10.580	10.580
8.399	8.399
8.035	8.035
8.191	8.191
7.190	7.190
8.412	8.412
5.936	5.936
13.288	13.288
9.090	9.090
9.757	9.757
6.104	6.104
6.104	6.104
6.440	6.440
6.440	6.440
6.630	6.630
6.630	6.630
9.338	9.338
7.734	7.734
4.061	4.061
4.061	4.061
3.074	3.074
2.929	2.929
3.075	3.075
9.662	9.662
8.163	8.163
11.423	11.423
6.826	6.826
7.079	7.079
7.142	7.142
4.121	4.121
7.242	7.242
7.930	7.930
7.945	7.945
6.476	6.476
6.268	6.268
6.583	6.583
7.821	7.821
8.039	8.039
8.825	8.825
6.718	6.718
8.544	8.544
8.536	8.536
8.776	8.776
6.006	6.006
6.746	6.746
6.112	6.112
6.110	6.110
8.311	8.311
8.311	8.311
7.111	7.111
5.111	5.111
7.138	7.138
4.844	4.844
4.836	4.836
4.881	4.881
6.403	6.403
6.405	6.405
5.894	5.894
4.466	4.466
4.456	4.456
4.452	4.452
4.443	4.443
7.359	7.359
7.232	7.232
7.359	7.359
8.151	8.151
6.779	6.779
5.998	5.998
5.900	5.900
6.847	6.847
5.565	5.565
3.444	3.444
6.742	6.742
6.669	6.669
5.405	5.405
9.778	9.778
7.960	7.960
9.086	9.086
7.572	7.572
7.583	7.583
7.859	7.859
7.831	7.831
10.671	10.671
10.735	10.735
7.708	7.708
9.762	9.762
8.233	8.233
9.379	9.379
6.274	6.274
7.961	7.961
3.129	3.129
4.965	4.965
7.987	7.987
7.791	7.791
4.802	4.802
7.957	7.957
4.985	4.985
10.663	10.663
8.010	8.010
8.009	8.009
5.676	5.676
7.774	7.774
7.774	7.774
6.379	6.379
6.377	6.377
11.367	11.367
11.384	11.384
6.938	6.938
6.953	6.953
6.603	6.603
6.613	6.613
7.812	7.812
7.812	7.812
7.395	7.395
7.399	7.399
6.738	6.738
6.724	6.724
6.729	6.729
6.777	6.777
6.522	6.522
6.969	6.969
7.478	7.478
7.478	7.478
9.693	9.693
9.679	9.679
9.693	9.693
6.795	6.795
11.911	11.911
11.814	11.814
5.767	5.767
6.233	6.233
6.701	6.701
9.502	9.502
9.410	9.410
6.234	6.234
6.242	6.242
6.036	6.036
10.006	10.006
6.577	6.577
5.736	5.736
5.841	5.841
5.835	5.835
7.526	7.526
7.527	7.527
6.040	6.040
6.725	6.725
8.897	8.897
6.858	6.858
6.771	6.771
6.759	6.759
9.039	9.039
6.145	6.145
6.720	6.720
6.935	6.935
5.628	5.628
5.625	5.625
14.009	14.009
10.154	10.154
6.185	6.185
6.232	6.232
6.874	6.874
6.874	6.874
7.450	7.450
7.483	7.483
7.503	7.503
6.520	6.520
6.834	6.834
6.247	6.247
6.859	6.859
7.126	7.126
4.772	4.772
4.984	4.984
4.998	4.998
5.759	5.759
6.914	6.914
8.292	8.292
8.068	8.068
6.738	6.738
6.496	6.496
6.025	6.025
8.625	8.625
5.939	5.939
8.959	8.959
6.571	6.571
6.558	6.558
6.512	6.512
6.499	6.499
10.167	10.167
11.881	11.881
7.080	7.080
6.643	6.643
9.350	9.350
10.036	10.036
10.229	10.229
6.936	6.936
6.064	6.064
6.690	6.690
9.876	9.876
10.951	10.951
11.066	11.066
10.988	10.988
8.217	8.217
8.173	8.173
8.111	8.111
10.831	10.831
9.343	9.343
6.976	6.976
10.349	10.349
10.288	10.288
8.042	8.042
7.468	7.468
6.630	6.630
8.734	8.734
9.597	9.597
5.475	5.475
7.414	7.414
8.278	8.278
8.281	8.281
10.746	10.746
7.299	7.299
9.764	9.764
9.442	9.442
8.700	8.700
8.564	8.564
4.935	4.935
10.787	10.787
13.931	13.931
7.745	7.745
6.490	6.490
6.599	6.599
10.233	10.233
10.237	10.237
6.901	6.901
6.916	6.916
6.914	6.914
9.156	9.156
7.580	7.580
9.546	9.546
9.561	9.561
9.554	9.554
8.984	8.984
9.002	9.002
8.802	8.802
8.764	8.764
8.842	8.842
8.850	8.850
6.911	6.911
6.937	6.937
15.000	15.000
8.637	8.637
8.633	8.633
6.909	6.909
6.116	6.116
8.882	8.882
9.332	9.332
9.669	9.669
9.758	9.758
8.225	8.225
8.107	8.107
8.108	8.108
9.401	9.401
10.635	10.635
10.605	10.605
11.457	11.457
6.944	6.944
7.879	7.879
7.687	7.687
5.625	5.625
5.816	5.816
4.740	4.740
11.146	11.146
9.253	9.253
9.277	9.277
9.281	9.281
17.820	17.820
12.627	12.627
7.446	7.446
9.915	9.915
9.660	9.660
8.957	8.957
8.933	8.933
6.908	6.908
6.889	6.889
6.908	6.908
9.482	9.482
6.017	6.017
6.279	6.279
8.794	8.794
7.764	7.764
5.882	5.882
9.708	9.708
9.639	9.639
8.191	8.191
6.308	6.308
5.552	5.552
6.484	6.484
9.090	9.090
9.088	9.088
10.978	10.978
8.106	8.106
8.536	8.536
6.432	6.432
8.499	8.499
6.812	6.812
9.103	9.103
9.706	9.706
9.721	9.721
9.716	9.716
6.032	6.032
7.691	7.691
8.941	8.941
8.886	8.886
6.414	6.414
5.351	5.351
7.958	7.958
8.811	8.811
9.358	9.358
6.923	6.923
6.603	6.603
11.077	11.077
11.046	11.046
11.055	11.055
12.001	12.001
10.927	10.927
12.359	12.359
7.994	7.994
12.339	12.339
8.927	8.927
6.938	6.938
11.432	11.432
9.679	9.679
9.694	9.694
9.686	9.686
13.968	13.968
13.933	13.933
13.969	13.969
6.258	6.258
6.259	6.259
6.227	6.227
10.099	10.099
10.099	10.099
5.829	5.829
10.444	10.444
9.568	9.568
8.494	8.494
13.456	13.456
6.687	6.687
6.684	6.684
6.694	6.694
6.691	6.691
6.074	6.074
6.055	6.055
11.079	11.079
11.049	11.049
12.248	12.248
8.907	8.907
8.877	8.877
10.111	10.111
7.924	7.924
7.801	7.801
6.783	6.783
6.905	6.905
7.179	7.179
10.948	10.948
11.034	11.034
5.566	5.566
15.587	15.587
15.594	15.594
6.911	6.911
8.555	8.555
6.860	6.860
3.061	3.061
8.633	8.633
8.690	8.690
6.623	6.623
6.638	6.638
6.256	6.256
3.194	3.194
4.474	4.474
4.544	4.544
4.260	4.260
9.118	9.118
9.120	9.120
6.882	6.882
9.004	9.004
6.834	6.834
10.320	10.320
5.694	5.694
9.071	9.071
10.874	10.874
8.627	8.627
8.663	8.663
5.989	5.989
6.189	6.189
13.352	13.352
7.972	7.972
14.263	14.263
8.681	8.681
9.421	9.421
10.184	10.184
9.759	9.759
7.514	7.514
8.795	8.795
7.046	7.046
6.811	6.811
7.012	7.012
8.467	8.467
9.437	9.437
7.581	7.581
8.067	8.067
7.500	7.500
10.092	10.092
10.077	10.077
9.002	9.002
9.040	9.040
6.430	6.430
11.448	11.448
11.440	11.440
11.395	11.395
9.725	9.725
9.586	9.586
8.225	8.225
6.166	6.166
6.172	6.172
9.726	9.726
9.718	9.718
9.716	9.716
15.465	15.465
8.216	8.216
8.538	8.538
7.789	7.789
11.395	11.395
6.140	6.140
9.466	9.466
9.483	9.483
9.475	9.475
5.888	5.888
5.888	5.888
9.610	9.610
9.627	9.627
9.618	9.618
6.054	6.054
11.359	11.359
6.713	6.713
9.723	9.723
6.765	6.765
7.004	7.004
6.299	6.299
9.265	9.265
9.121	9.121
9.267	9.267
6.791	6.791
6.763	6.763
7.666	7.666
7.665	7.665
8.606	8.606
8.760	8.760
8.605	8.605
8.761	8.761
8.771	8.771
10.557	10.557
8.227	8.227
5.286	5.286
5.262	5.262
5.277	5.277
5.118	5.118
5.102	5.102
5.118	5.118
8.651	8.651
5.482	5.482
5.587	5.587
5.280	5.280
5.523	5.523
7.661	7.661
12.353	12.353
9.836	9.836
8.327	8.327
6.257	6.257
6.703	6.703
7.486	7.486
7.556	7.556
7.806	7.806
8.154	8.154
9.616	9.616
9.991	9.991
9.521	9.521
7.683	7.683
7.676	7.676
9.763	9.763
4.734	4.734
4.734	4.734
11.215	11.215
10.247	10.247
8.915	8.915
10.349	10.349
7.529	7.529
9.668	9.668
5.982	5.982
3.782	3.782
6.245	6.245
6.191	6.191
10.580	10.580
9.268	9.268
4.769	4.769
4.857	4.857
5.235	5.235
5.218	5.218
9.376	9.376
9.660	9.660
7.366	7.366
7.366	7.366
3.701	3.701
3.680	3.680
2.736	2.736
2.730	2.730
2.702	2.702
2.722	2.722
2.721	2.721
2.707	2.707
2.597	2.597
8.564	8.564
8.526	8.526
9.054	9.054
9.064	9.064
9.074	9.074
9.081	9.081
6.245	6.245
6.907	6.907
6.701	6.701
6.729	6.729
5.243	5.243
5.237	5.237
8.706	8.706
8.735	8.735
8.706	8.706
6.171	6.171
6.160	6.160
12.647	12.647
7.143	7.143
6.823	6.823
4.830	4.830
5.578	5.578
6.615	6.615
6.574	6.574
6.595	6.595
6.557	6.557
2.936	2.936
3.255	3.255
6.887	6.887
7.235	7.235
7.235	7.235
5.875	5.875
5.474	5.474
2.371	2.371
9.473	9.473
6.508	6.508
5.297	5.297
5.234	5.234
6.554	6.554
8.273	8.273
6.530	6.530
5.475	5.475
5.469	5.469
4.866	4.866
4.866	4.866
4.895	4.895
4.895	4.895
4.996	4.996
4.988	4.988
7.273	7.273
7.915	7.915
6.669	6.669
6.485	6.485
5.661	5.661
5.195	5.195
5.193	5.193
4.054	4.054
7.170	7.170
5.354	5.354
5.723	5.723
8.744	8.744
8.785	8.785
8.919	8.919
8.959	8.959
2.446	2.446
6.191	6.191
4.223	4.223
4.263	4.263
7.128	7.128
4.223	4.223
2.893	2.893
11.381	11.381
5.663	5.663
5.683	5.683
10.608	10.608
3.836	3.836
3.767	3.767
3.941	3.941
3.929	3.929
5.545	5.545
5.545	5.545
7.328	7.328
7.392	7.392
7.025	7.025
6.997	6.997
6.047	6.047
6.032	6.032
4.320	4.320
4.324	4.324
4.301	4.301
11.047	11.047
11.054	11.054
4.219	4.219
9.476	9.476
1.919	1.919
1.979	1.979
3.577	3.577
3.569	3.569
2.793	2.793
14.869	14.869
12.439	12.439
11.061	11.061
13.264	13.264
13.150	13.150
12.490	12.490
8.223	8.223
14.713	14.713
4.077	4.077
4.067	4.067
4.024	4.024
6.087	6.087
6.768	6.768
6.833	6.833
5.584	5.584
5.756	5.756
7.522	7.522
7.542	7.542
2.936	2.936
3.668	3.668
3.668	3.668
2.702	2.702
3.144	3.144
18.664	18.664
2.104	2.104
2.614	2.614
2.613	2.613
7.024	7.024
7.516	7.516
6.645	6.645
7.386	7.386
2.011	2.011
11.952	11.952
4.700	4.700
4.865	4.865
9.506	9.506
7.867	7.867
10.995	10.995
11.964	11.964
9.016	9.016
9.159	9.159
9.449	9.449
8.357	8.357
9.283	9.283
8.357	8.357
9.450	9.450
8.354	8.354
8.395	8.395
2.012	2.012
10.962	10.962
7.149	7.149
2.305	2.305
1.615	1.615
11.698	11.698
14.098	14.098
16.217	16.217
16.261	16.261
14.171	14.171
4.908	4.908
17.520	17.520
1.989	1.989
14.563	14.563
2.459	2.459
15.124	15.124
7.447	7.447
2.222	2.222
12.083	12.083
18.171	18.171
10.793	10.793
11.878	11.878
11.871	11.871
9.161	9.161
9.176	9.176
9.178	9.178
6.003	6.003
6.089	6.089
6.766	6.766
6.966	6.966
6.766	6.766
6.939	6.939
11.529	11.529
15.770	15.770
6.196	6.196
6.197	6.197
6.197	6.197
11.034	11.034
12.138	12.138
8.503	8.503
16.120	16.120
1.369	1.369
2.047	2.047
4.168	4.168
8.005	8.005
10.270	10.270
4.262	4.262
5.889	5.889
5.918	5.918
5.932	5.932
6.856	6.856
6.874	6.874
6.257	6.257
10.500	10.500
5.936	5.936
5.940	5.940
5.945	5.945
5.947	5.947
9.635	9.635
6.599	6.599
4.611	4.611
8.864	8.864
5.840	5.840
5.821	5.821
6.902	6.902
9.703	9.703
8.338	8.338
6.165	6.165
6.165	6.165
8.157	8.157
8.136	8.136
8.129	8.129
8.620	8.620
8.599	8.599
8.587	8.587
8.610	8.610
8.591	8.591
8.579	8.579
8.168	8.168
8.147	8.147
8.139	8.139
6.603	6.603
4.761	4.761
4.754	4.754
6.625	6.625
9.842	9.842
9.881	9.881
4.593	4.593
5.700	5.700
8.214	8.214
5.114	5.114
8.582	8.582
8.367	8.367
8.984	8.984
9.007	9.007
9.750	9.750
9.768	9.768
9.692	9.692
6.835	6.835
7.644	7.644
7.747	7.747
7.737	7.737
9.829	9.829
10.586	10.586
9.084	9.084
5.681	5.681
5.657	5.657
5.507	5.507
9.331	9.331
9.078	9.078
14.446	14.446
13.009	13.009
12.561	12.561
10.936	10.936
12.129	12.129
14.548	14.548
13.195	13.195
14.129	14.129
9.129	9.129
9.125	9.125
10.445	10.445
10.439	10.439
6.029	6.029
7.153	7.153
7.159	7.159
9.032	9.032
9.067	9.067
9.987	9.987
10.000	10.000
6.210	6.210
6.178	6.178
5.530	5.530
4.294	4.294
4.368	4.368
4.305	4.305
5.205	5.205
9.179	9.179
8.803	8.803
8.805	8.805
7.153	7.153
7.259	7.259
9.160	9.160
9.156	9.156
10.657	10.657
8.871	8.871
8.842	8.842
5.545	5.545
5.949	5.949
9.945	9.945
10.638	10.638
4.022	4.022
7.096	7.096
5.128	5.128
6.054	6.054
6.083	6.083
7.279	7.279
6.849	6.849
6.848	6.848
5.731	5.731
5.790	5.790
6.180	6.180
5.554	5.554
5.780	5.780
3.782	3.782
8.748	8.748
8.561	8.561
8.568	8.568
5.950	5.950
7.938	7.938
7.791	7.791
6.793	6.793
6.585	6.585
10.643	10.643
7.350	7.350
3.841	3.841
7.592	7.592
7.361	7.361
6.479	6.479
3.238	3.238
3.463	3.463
7.562	7.562
7.562	7.562
6.974	6.974
7.839	7.839
7.842	7.842
8.014	8.014
8.021	8.021
8.038	8.038
8.038	8.038
6.293	6.293
3.772	3.772
6.643	6.643
6.670	6.670
8.008	8.008
7.835	7.835
7.955	7.955
8.079	8.079
7.943	7.943
8.064	8.064
2.973	2.973
6.336	6.336
6.470	6.470
6.333	6.333
6.287	6.287
6.303	6.303
6.736	6.736
5.779	5.779
5.766	5.766
5.398	5.398
5.393	5.393
4.628	4.628
5.133	5.133
5.102	5.102
5.117	5.117
10.837	10.837
5.800	5.800
5.778	5.778
5.738	5.738
5.739	5.739
6.993	6.993
6.971	6.971
5.382	5.382
9.012	9.012
9.891	9.891
10.087	10.087
8.899	8.899
9.844	9.844
6.432	6.432
7.081	7.081
3.228	3.228
3.215	3.215
9.026	9.026
8.852	8.852
8.272	8.272
8.520	8.520
8.297	8.297
7.143	7.143
6.786	6.786
7.150	7.150
8.489	8.489
9.377	9.377
9.477	9.477
9.178	9.178
9.192	9.192
9.344	9.344
9.336	9.336
15.018	15.018
9.407	9.407
4.870	4.870
11.116	11.116
13.034	13.034
11.545	11.545
6.857	6.857
6.896	6.896
6.846	6.846
6.845	6.845
12.406	12.406
12.421	12.421
8.647	8.647
9.482	9.482
8.423	8.423
13.337	13.337
5.886	5.886
4.082	4.082
4.077	4.077
13.105	13.105
13.104	13.104
7.146	7.146
7.148	7.148
7.163	7.163
7.142	7.142
10.124	10.124
10.179	10.179
5.519	5.519
6.396	6.396
8.265	8.265
8.273	8.273
8.694	8.694
7.409	7.409
7.646	7.646
4.145	4.145
4.946	4.946
4.917	4.917
4.930	4.930
8.162	8.162
8.065	8.065
8.050	8.050
8.041	8.041
5.225	5.225
5.289	5.289
5.198	5.198
6.761	6.761
6.736	6.736
7.645	7.645
7.655	7.655
7.413	7.413
7.498	7.498
4.231	4.231
4.233	4.233
4.429	4.429
5.618	5.618
4.803	4.803
4.761	4.761
7.974	7.974
5.715	5.715
3.691	3.691
8.004	8.004
8.002	8.002
7.980	7.980
9.535	9.535
8.635	8.635
7.104	7.104
7.121	7.121
6.709	6.709
6.670	6.670
5.974	5.974
5.991	5.991
7.029	7.029
7.022	7.022
8.012	8.012
8.025	8.025
7.264	7.264
7.280	7.280
5.807	5.807
5.796	5.796
5.777	5.777
7.395	7.395
5.074	5.074
5.228	5.228
8.162	8.162
8.242	8.242
8.255	8.255
8.153	8.153
8.129	8.129
8.150	8.150
8.807	8.807
7.655	7.655
4.903	4.903
7.908	7.908
9.707	9.707
9.806	9.806
5.942	5.942
9.670	9.670
9.683	9.683
9.665	9.665
7.613	7.613
8.619	8.619
7.919	7.919
7.928	7.928
7.936	7.936
8.615	8.615
7.883	7.883
9.221	9.221
8.898	8.898
8.303	8.303
8.971	8.971
6.258	6.258
6.269	6.269
6.278	6.278
6.258	6.258
6.283	6.283
6.293	6.293
8.131	8.131
8.137	8.137
5.781	5.781
5.773	5.773
6.444	6.444
8.352	8.352
6.489	6.489
6.155	6.155
8.331	8.331
6.170	6.170
6.308	6.308
6.315	6.315
9.351	9.351
8.945	8.945
8.940	8.940
8.949	8.949
9.343	9.343
9.351	9.351
6.107	6.107
8.046	8.046
6.142	6.142
6.196	6.196
7.799	7.799
6.208	6.208
5.426	5.426
5.339	5.339
8.123	8.123
8.103	8.103
8.138	8.138
6.668	6.668
7.208	7.208
6.391	6.391
6.312	6.312
6.340	6.340
8.120	8.120
8.305	8.305
10.412	10.412
10.451	10.451
5.418	5.418
5.417	5.417
5.417	5.417
7.208	7.208
7.169	7.169
9.007	9.007
8.956	8.956
11.131	11.131
11.119	11.119
11.559	11.559
6.497	6.497
8.621	8.621
6.230	6.230
6.428	6.428
5.146	5.146
8.651	8.651
9.155	9.155
6.949	6.949
6.930	6.930
7.034	7.034
7.015	7.015
5.718	5.718
5.700	5.700
6.542	6.542
6.856	6.856
7.568	7.568
7.222	7.222
7.216	7.216
7.223	7.223
7.222	7.222
7.216	7.216
7.223	7.223
8.712	8.712
8.713	8.713
5.059	5.059
5.751	5.751
5.326	5.326
7.577	7.577
7.566	7.566
8.843	8.843
9.569	9.569
8.904	8.904
7.903	7.903
6.778	6.778
4.912	4.912
5.042	5.042
8.094	8.094
8.085	8.085
8.109	8.109
9.841	9.841
9.844	9.844
9.846	9.846
8.075	8.075
8.133	8.133
7.786	7.786
7.730	7.730
7.786	7.786
6.740	6.740
6.733	6.733
6.466	6.466
6.441	6.441
7.690	7.690
7.688	7.688
7.702	7.702
5.571	5.571
5.665	5.665
6.502	6.502
6.507	6.507
5.227	5.227
9.385	9.385
9.456	9.456
9.398	9.398
9.434	9.434
9.308	9.308
10.005	10.005
5.840	5.840
5.899	5.899
7.073	7.073
8.112	8.112
7.469	7.469
7.101	7.101
8.985	8.985
7.714	7.714
7.141	7.141
7.117	7.117
7.306	7.306
8.511	8.511
6.491	6.491
6.402	6.402
5.976	5.976
6.016	6.016
6.375	6.375
4.956	4.956
4.951	4.951
4.965	4.965
4.959	4.959
4.951	4.951
4.969	4.969
4.958	4.958
4.970	4.970
4.951	4.951
4.956	4.956
4.965	4.965
4.950	4.950
10.592	10.592
8.338	8.338
8.267	8.267
5.914	5.914
6.767	6.767
6.359	6.359
5.912	5.912
6.611	6.611
6.408	6.408
9.033	9.033
8.984	8.984
8.897	8.897
9.314	9.314
9.278	9.278
9.303	9.303
6.430	6.430
6.231	6.231
6.432	6.432
5.914	5.914
7.906	7.906
7.778	7.778
5.948	5.948
6.133	6.133
6.128	6.128
5.993	5.993
5.980	5.980
8.388	8.388
8.634	8.634
8.649	8.649
8.013	8.013
8.456	8.456
8.026	8.026
11.310	11.310
10.050	10.050
10.178	10.178
9.231	9.231
10.141	10.141
10.090	10.090
10.494	10.494
9.385	9.385
9.093	9.093
9.842	9.842
12.691	12.691
12.691	12.691
12.708	12.708
7.853	7.853
9.677	9.677
8.828	8.828
10.270	10.270
2.888	2.888
3.651	3.651
3.651	3.651
7.912	7.912
8.155	8.155
10.117	10.117
11.280	11.280
11.281	11.281
10.828	10.828
11.148	11.148
11.076	11.076
11.146	11.146
11.186	11.186
11.186	11.186
8.255	8.255
8.243	8.243
11.579	11.579
12.010	12.010
12.284	12.284
12.010	12.010
11.413	11.413
11.399	11.399
11.360	11.360
9.397	9.397
9.381	9.381
14.857	14.857
8.897	8.897
9.241	9.241
8.870	8.870
10.476	10.476
5.895	5.895
5.895	5.895
7.929	7.929
8.139	8.139
11.139	11.139
11.106	11.106
11.030	11.030
7.954	7.954
7.788	7.788
7.948	7.948
12.788	12.788
12.793	12.793
2.791	2.791
3.636	3.636
3.636	3.636
7.646	7.646
7.897	7.897
7.662	7.662
7.177	7.177
7.957	7.957
7.937	7.937
7.950	7.950
7.713	7.713
8.168	8.168
7.722	7.722
7.546	7.546
7.551	7.551
7.985	7.985
8.155	8.155
8.156	8.156
8.184	8.184
11.214	11.214
10.797	10.797
7.903	7.903
8.647	8.647
7.357	7.357
6.824	6.824
6.824	6.824
6.773	6.773
7.510	7.510
7.518	7.518
13.901	13.901
6.332	6.332
7.287	7.287
7.394	7.394
6.968	6.968
6.910	6.910
9.086	9.086
8.738	8.738
11.380	11.380
11.394	11.394
11.189	11.189
11.203	11.203
9.116	9.116
6.775	6.775
6.860	6.860
6.986	6.986
7.281	7.281
9.836	9.836
9.841	9.841
7.251	7.251
7.235	7.235
7.744	7.744
9.419	9.419
2.683	2.683
2.705	2.705
2.705	2.705
6.113	6.113
9.176	9.176
8.617	8.617
8.629	8.629
6.257	6.257
9.714	9.714
9.716	9.716
6.844	6.844
8.276	8.276
8.361	8.361
9.201	9.201
9.181	9.181
9.590	9.590
9.588	9.588
4.722	4.722
4.723	4.723
8.011	8.011
4.716	4.716
4.723	4.723
9.077	9.077
9.091	9.091
9.106	9.106
9.120	9.120
9.196	9.196
12.479	12.479
12.463	12.463
7.263	7.263
9.534	9.534
3.923	3.923
3.731	3.731
8.916	8.916
8.907	8.907
8.772	8.772
8.719	8.719
10.840	10.840
7.108	7.108
7.123	7.123
2.794	2.794
2.784	2.784
7.373	7.373
6.282	6.282
12.844	12.844
5.060	5.060
5.060	5.060
9.242	9.242
8.598	8.598
9.796	9.796
9.786	9.786
9.480	9.480
12.098	12.098
11.469	11.469
11.493	11.493
11.494	11.494
10.576	10.576
10.588	10.588
10.587	10.587
9.383	9.383
11.282	11.282
9.038	9.038
8.072	8.072
7.899	7.899
8.049	8.049
7.885	7.885
8.052	8.052
9.404	9.404
9.427	9.427
9.413	9.413
9.008	9.008
9.809	9.809
13.267	13.267
13.256	13.256
6.789	6.789
8.106	8.106
9.110	9.110
8.587	8.587
6.722	6.722
8.603	8.603
8.443	8.443
9.741	9.741
9.747	9.747
3.922	3.922
7.370	7.370
7.885	7.885
7.281	7.281
7.282	7.282
13.631	13.631
13.644	13.644
6.324	6.324
11.827	11.827
11.822	11.822
11.885	11.885
12.450	12.450
11.930	11.930
6.165	6.165
11.802	11.802
7.258	7.258
8.864	8.864
9.553	9.553
10.792	10.792
8.387	8.387
8.314	8.314
8.394	8.394
9.045	9.045
8.450	8.450
9.190	9.190
9.289	9.289
9.289	9.289
6.482	6.482
6.454	6.454
5.104	5.104
5.283	5.283
7.742	7.742
7.748	7.748
6.309	6.309
6.287	6.287
7.268	7.268
7.523	7.523
5.106	5.106
5.106	5.106
9.167	9.167
9.164	9.164
9.164	9.164
5.553	5.553
5.553	5.553
5.521	5.521
8.401	8.401
8.398	8.398
7.277	7.277
7.204	7.204
7.279	7.279
6.465	6.465
6.814	6.814
6.811	6.811
8.000	8.000
7.869	7.869
11.263	11.263
11.889	11.889
11.871	11.871
10.957	10.957
8.103	8.103
8.119	8.119
8.062	8.062
11.300	11.300
7.396	7.396
7.416	7.416
3.039	3.039
8.318	8.318
12.650	12.650
12.218	12.218
9.719	9.719
7.482	7.482
10.281	10.281
10.292	10.292
9.389	9.389
8.368	8.368
7.307	7.307
9.377	9.377
11.115	11.115
12.804	12.804
8.775	8.775
11.102	11.102
11.078	11.078
8.173	8.173
8.297	8.297
10.844	10.844
10.832	10.832
12.303	12.303
12.155	12.155
9.814	9.814
9.846	9.846
9.653	9.653
9.621	9.621
11.141	11.141
11.889	11.889
7.053	7.053
6.882	6.882
7.671	7.671
7.719	7.719
7.571	7.571
6.871	6.871
6.885	6.885
6.873	6.873
6.829	6.829
6.185	6.185
7.072	7.072
7.080	7.080
7.067	7.067
5.946	5.946
9.679	9.679
6.677	6.677
10.499	10.499
11.150	11.150
11.069	11.069
3.981	3.981
5.190	5.190
5.888	5.888
8.331	8.331
9.189	9.189
9.167	9.167
8.331	8.331
9.032	9.032
8.175	8.175
8.596	8.596
9.032	9.032
8.654	8.654
9.084	9.084
9.076	9.076
11.688	11.688
11.763	11.763
11.827	11.827
11.835	11.835
11.835	11.835
9.066	9.066
8.849	8.849
9.306	9.306
8.144	8.144
8.849	8.849
8.843	8.843
9.296	9.296
8.851	8.851
9.660	9.660
8.921	8.921
9.143	9.143
8.898	8.898
9.518	9.518
9.938	9.938
8.628	8.628
9.709	9.709
8.628	8.628
7.179	7.179
7.195	7.195
7.178	7.178
7.125	7.125
2.499	2.499
4.469	4.469
7.178	7.178
7.223	7.223
7.217	7.217
10.047	10.047
10.054	10.054
10.077	10.077
10.082	10.082
6.320	6.320
6.707	6.707
6.139	6.139
6.158	6.158
9.960	9.960
6.293	6.293
11.224	11.224
15.808	15.808
15.845	15.845
15.799	15.799
18.114	18.114
18.867	18.867
5.043	5.043
5.034	5.034
13.641	13.641
8.833	8.833
8.836	8.836
8.659	8.659
8.662	8.662
8.750	8.750
8.754	8.754
5.572	5.572
8.728	8.728
14.990	14.990
10.263	10.263
10.268	10.268
9.840	9.840
9.853	9.853
7.024	7.024
6.946	6.946
6.933	6.933
5.819	5.819
5.829	5.829
7.089	7.089
7.089	7.089
7.102	7.102
5.168	5.168
5.176	5.176
5.169	5.169
5.176	5.176
6.473	6.473
5.674	5.674
12.001	12.001
6.876	6.876
10.468	10.468
10.178	10.178
7.849	7.849
6.198	6.198
6.278	6.278
10.104	10.104
10.124	10.124
6.264	6.264
5.774	5.774
7.389	7.389
6.959	6.959
8.318	8.318
8.029	8.029
7.587	7.587
7.577	7.577
8.041	8.041
8.040	8.040
8.041	8.041
8.040	8.040
9.768	9.768
8.993	8.993
7.864	7.864
7.864	7.864
8.887	8.887
8.949	8.949
8.941	8.941
8.933	8.933
4.972	4.972
6.333	6.333
7.279	7.279
4.662	4.662
4.934	4.934
6.337	6.337
5.040	5.040
6.495	6.495
6.536	6.536
6.593	6.593
6.632	6.632
5.020	5.020
9.565	9.565
9.670	9.670
7.569	7.569
9.041	9.041
9.035	9.035
6.922	6.922
8.793	8.793
9.839	9.839
5.777	5.777
9.970	9.970
6.845	6.845
7.160	7.160
10.714	10.714
10.679	10.679
9.614	9.614
6.500	6.500
6.856	6.856
7.992	7.992
7.885	7.885
7.176	7.176
7.259	7.259
10.276	10.276
10.634	10.634
7.095	7.095
5.301	5.301
5.219	5.219
5.622	5.622
5.635	5.635
8.086	8.086
8.086	8.086
4.282	4.282
4.263	4.263
4.246	4.246
4.272	4.272
7.088	7.088
7.164	7.164
7.076	7.076
5.198	5.198
6.740	6.740
6.744	6.744
4.112	4.112
10.276	10.276
10.634	10.634
4.842	4.842
5.967	5.967
5.819	5.819
7.029	7.029
6.283	6.283
4.904	4.904
4.917	4.917
5.735	5.735
5.834	5.834
6.830	6.830
6.426	6.426
6.824	6.824
6.767	6.767
6.781	6.781
6.740	6.740
7.841	7.841
7.498	7.498
6.964	6.964
8.991	8.991
3.807	3.807
7.447	7.447
2.898	2.898
11.170	11.170
4.475	4.475
7.853	7.853
8.884	8.884
8.559	8.559
10.508	10.508
6.939	6.939
7.003	7.003
6.681	6.681
6.702	6.702
4.586	4.586
6.452	6.452
6.566	6.566
7.048	7.048
9.967	9.967
9.968	9.968
11.738	11.738
11.560	11.560
11.618	11.618
8.361	8.361
6.616	6.616
7.368	7.368
11.009	11.009
11.011	11.011
7.228	7.228
6.562	6.562
5.941	5.941
6.168	6.168
6.613	6.613
5.896	5.896
13.213	13.213
13.238	13.238
12.791	12.791
12.716	12.716
9.668	9.668
9.707	9.707
8.224	8.224
9.949	9.949
10.470	10.470
13.945	13.945
12.093	12.093
12.103	12.103
9.129	9.129
8.701	8.701
8.624	8.624
8.641	8.641
8.654	8.654
10.912	10.912
10.912	10.912
10.372	10.372
7.771	7.771
8.500	8.500
5.986	5.986
7.970	7.970
6.765	6.765
6.816	6.816
7.959	7.959
5.731	5.731
5.790	5.790
7.831	7.831
8.512	8.512
6.485	6.485
5.513	5.513
9.160	9.160
9.156	9.156
7.522	7.522
7.542	7.542
7.259	7.259
7.241	7.241
7.176	7.176
7.319	7.319
5.335	5.335
6.073	6.073
10.819	10.819
8.294	8.294
7.498	7.498
5.554	5.554
9.573	9.573
5.198	5.198
7.973	7.973
6.521	6.521
8.868	8.868
7.311	7.311
10.250	10.250
