molecule-id;erf;rf;dnn;knn;svr;esvr;lr
1                   ;-7.652;-7.552;-7.722;-7.069;-6.764;-7.576;-6.866
2                   ;-10.234;-10.374;-9.052;-8.373;-8.704;-8.789;-8.889
3                   ;-9.739;-9.974;-10.152;-10.424;-9.160;-10.058;-9.242
4                   ;-9.765;-9.958;-9.652;-10.085;-8.884;-9.592;-9.018
5                   ;-10.078;-10.477;-9.863;-9.501;-9.643;-9.497;-9.749
6                   ;-10.029;-10.066;-9.784;-10.649;-8.854;-10.261;-9.011
7                   ;-10.044;-10.303;-9.877;-8.854;-9.600;-9.223;-9.648
8                   ;-9.805;-10.005;-9.698;-10.090;-8.625;-10.012;-8.747
9                   ;-8.208;-8.023;-7.726;-10.342;-7.008;-8.078;-7.238
10                  ;-9.951;-10.047;-9.798;-9.807;-8.605;-10.146;-8.750
11                  ;-10.157;-10.242;-9.583;-9.977;-9.049;-9.409;-9.080
12                  ;-9.836;-9.869;-9.527;-10.082;-8.370;-9.753;-8.503
13                  ;-10.189;-10.536;-10.553;-9.297;-10.592;-9.720;-10.770
14                  ;-6.856;-7.044;-7.105;-6.150;-6.588;-6.982;-6.458
15                  ;-9.921;-10.063;-9.658;-9.451;-8.827;-9.284;-9.024
16                  ;-10.323;-10.416;-10.157;-9.288;-10.448;-9.852;-10.504
17                  ;-9.771;-9.950;-9.335;-9.655;-8.399;-9.385;-8.553
18                  ;-10.124;-10.018;-9.281;-7.966;-9.099;-8.865;-9.351
19                  ;-9.401;-9.534;-9.638;-9.440;-8.676;-9.349;-8.788
20                  ;-10.527;-10.854;-10.168;-10.091;-9.540;-9.660;-9.665
21                  ;-9.224;-9.028;-8.963;-8.955;-7.678;-9.342;-7.670
22                  ;-10.360;-10.721;-10.100;-10.010;-10.047;-9.455;-10.066
23                  ;-10.423;-10.540;-9.570;-9.802;-8.725;-9.343;-8.915
24                  ;-10.521;-10.573;-10.479;-9.886;-11.287;-9.846;-11.435
25                  ;-9.535;-9.313;-8.805;-8.696;-8.655;-8.745;-8.770
26                  ;-8.805;-8.839;-8.625;-9.599;-7.656;-8.384;-7.703
27                  ;-10.201;-10.327;-9.226;-8.364;-8.796;-8.886;-9.009
28                  ;-9.034;-8.983;-8.490;-9.073;-7.611;-8.460;-7.649
29                  ;-8.847;-8.942;-8.549;-8.875;-7.596;-8.714;-7.592
30                  ;-10.078;-10.253;-9.873;-9.861;-9.426;-9.481;-9.619
31                  ;-9.804;-9.910;-9.857;-10.047;-8.950;-9.772;-8.991
32                  ;-10.545;-10.835;-10.433;-10.061;-10.249;-9.935;-10.333
33                  ;-10.473;-10.628;-9.576;-10.225;-9.002;-9.557;-9.134
34                  ;-9.893;-10.001;-9.437;-10.071;-8.626;-9.605;-8.737
35                  ;-9.809;-9.991;-10.024;-10.527;-9.347;-10.437;-9.383
36                  ;-10.609;-10.748;-9.956;-10.068;-10.083;-9.743;-10.069
37                  ;-10.462;-10.727;-9.761;-10.229;-9.363;-9.575;-9.423
38                  ;-10.457;-10.486;-9.445;-10.186;-10.650;-9.423;-10.919
39                  ;-9.623;-9.891;-9.256;-9.592;-8.403;-9.302;-8.561
40                  ;-7.822;-7.881;-7.676;-7.059;-6.718;-7.896;-6.827
41                  ;-10.404;-10.660;-10.995;-9.691;-10.903;-10.255;-11.091
42                  ;-10.203;-10.481;-8.932;-9.364;-8.463;-8.934;-8.751
43                  ;-9.704;-9.799;-9.798;-10.424;-8.769;-9.532;-8.867
44                  ;-9.624;-9.805;-9.143;-9.691;-8.259;-9.639;-8.419
45                  ;-8.574;-8.702;-8.234;-8.270;-7.274;-8.112;-7.311
46                  ;-8.646;-8.618;-8.801;-8.875;-7.821;-9.054;-7.639
47                  ;-10.378;-10.759;-10.111;-10.088;-9.665;-9.687;-9.812
48                  ;-10.440;-10.818;-10.916;-9.379;-10.705;-10.318;-10.906
49                  ;-8.748;-8.822;-8.349;-10.092;-7.349;-8.920;-7.377
50                  ;-8.873;-9.043;-8.610;-9.355;-7.449;-8.085;-7.615
51                  ;-6.754;-6.882;-7.174;-6.137;-6.410;-7.111;-6.331
52                  ;-10.271;-10.487;-10.147;-9.572;-9.763;-9.596;-10.057
53                  ;-10.437;-10.718;-9.214;-8.830;-9.057;-8.806;-9.178
54                  ;-10.300;-10.511;-9.495;-10.032;-9.163;-9.046;-9.378
55                  ;-9.177;-9.318;-8.524;-10.530;-7.475;-8.956;-7.580
56                  ;-9.894;-10.042;-9.587;-8.475;-9.322;-9.124;-9.513
57                  ;-10.033;-10.477;-10.178;-9.146;-9.921;-9.509;-10.069
58                  ;-9.101;-8.975;-8.490;-9.782;-7.587;-8.057;-7.852
59                  ;-9.346;-9.361;-9.088;-9.673;-8.296;-9.174;-8.441
60                  ;-9.123;-9.107;-9.154;-9.407;-8.344;-9.127;-8.496
61                  ;-10.582;-10.710;-10.440;-9.448;-10.351;-9.890;-10.628
62                  ;-9.704;-9.736;-9.948;-10.299;-9.000;-9.963;-9.056
63                  ;-10.242;-10.515;-9.730;-9.301;-9.454;-9.422;-9.549
64                  ;-9.701;-9.865;-9.593;-10.426;-8.568;-9.559;-8.771
65                  ;-9.074;-8.999;-8.631;-9.018;-7.548;-9.028;-7.556
66                  ;-10.321;-10.579;-10.223;-9.854;-10.204;-9.777;-10.349
67                  ;-9.671;-9.761;-9.608;-9.402;-8.377;-10.056;-8.502
68                  ;-10.659;-10.842;-10.156;-9.171;-9.642;-9.896;-9.797
69                  ;-9.837;-10.085;-9.631;-9.853;-8.578;-10.271;-8.768
70                  ;-9.230;-9.159;-9.319;-9.539;-8.686;-8.959;-8.695
71                  ;-10.423;-10.569;-9.560;-10.345;-8.915;-9.258;-9.121
72                  ;-8.438;-8.549;-8.102;-8.890;-7.351;-7.995;-7.314
73                  ;-8.145;-8.289;-7.801;-8.421;-7.050;-7.919;-7.132
74                  ;-9.795;-9.883;-10.073;-9.807;-8.989;-9.753;-9.037
75                  ;-8.496;-8.543;-8.020;-8.423;-6.869;-8.571;-6.910
76                  ;-9.358;-9.284;-9.258;-9.601;-8.039;-9.181;-8.020
77                  ;-6.521;-6.227;-7.191;-5.779;-6.221;-6.838;-6.254
78                  ;-9.977;-10.108;-10.111;-10.543;-9.042;-10.645;-9.160
79                  ;-9.560;-9.302;-9.266;-10.662;-8.161;-9.435;-8.154
80                  ;-9.934;-10.126;-9.621;-10.050;-8.351;-9.859;-8.480
81                  ;-8.726;-8.782;-8.343;-8.626;-7.152;-8.787;-7.159
82                  ;-8.049;-7.793;-7.879;-8.357;-7.045;-8.641;-6.882
83                  ;-9.544;-9.757;-8.927;-10.055;-7.830;-9.477;-8.039
84                  ;-9.904;-10.115;-10.100;-10.000;-8.939;-10.860;-8.999
85                  ;-8.551;-8.527;-8.110;-9.427;-7.383;-8.513;-7.400
86                  ;-9.059;-9.163;-8.640;-9.337;-8.003;-8.660;-8.128
87                  ;-9.444;-9.496;-9.487;-9.515;-8.530;-9.403;-8.699
88                  ;-10.499;-10.723;-10.368;-9.413;-10.048;-9.653;-10.296
89                  ;-9.269;-9.105;-8.814;-8.693;-7.928;-8.860;-7.928
90                  ;-8.789;-9.086;-8.341;-10.116;-7.391;-8.616;-7.508
91                  ;-9.990;-10.070;-10.193;-10.390;-9.659;-10.612;-9.714
92                  ;-9.700;-10.028;-9.601;-9.392;-9.727;-9.355;-9.828
93                  ;-10.699;-10.992;-10.363;-10.068;-9.637;-10.163;-9.716
94                  ;-8.991;-8.945;-8.658;-8.943;-7.593;-8.725;-7.571
95                  ;-10.267;-10.528;-9.404;-9.020;-9.033;-9.078;-9.178
96                  ;-10.247;-10.264;-10.326;-10.087;-9.129;-10.473;-9.305
97                  ;-9.978;-10.164;-10.366;-10.371;-9.418;-10.900;-9.504
98                  ;-10.279;-10.608;-10.255;-9.389;-9.773;-9.763;-10.018
99                  ;-9.694;-9.882;-10.126;-10.009;-9.003;-10.067;-9.143
100                 ;-10.387;-10.680;-10.268;-9.830;-9.881;-9.554;-9.926
